<?xml version="1.0"?>
<opencv_storage>
<calibration_Time>"03/04/14 22:23:44"</calibration_Time>
<nrOfFrames>25</nrOfFrames>
<image_Width>640</image_Width>
<image_Height>480</image_Height>
<board_Width>7</board_Width>
<board_Height>5</board_Height>
<square_Size>50.</square_Size>
<FixAspectRatio>1.</FixAspectRatio>
<!-- flags:  +fix_aspectRatio +fix_principal_point +zero_tangent_dist -->
<flagValue>14</flagValue>
<Camera_Matrix type_id="opencv-matrix">
  <rows>3</rows>
  <cols>3</cols>
  <dt>d</dt>
  <data>
    6.6934940086733286e+002 0. 3.1950000000000000e+002 0.
    6.6934940086733286e+002 2.3950000000000000e+002 0. 0. 1.</data></Camera_Matrix>
<Distortion_Coefficients type_id="opencv-matrix">
  <rows>5</rows>
  <cols>1</cols>
  <dt>d</dt>
  <data>
    1.6199232064761437e-001 -1.3272576528432098e+000 0. 0.
    3.9744052290337746e+000</data></Distortion_Coefficients>
<Avg_Reprojection_Error>2.6802903974722531e-001</Avg_Reprojection_Error>
<Per_View_Reprojection_Errors type_id="opencv-matrix">
  <rows>25</rows>
  <cols>1</cols>
  <dt>f</dt>
  <data>
    1.74207851e-001 1.73955634e-001 1.56923950e-001 1.68941408e-001
    1.67689323e-001 2.14096487e-001 1.96907654e-001 3.57824475e-001
    3.32740724e-001 2.65685916e-001 3.07192743e-001 3.11055720e-001
    1.71636358e-001 2.15817660e-001 2.27029085e-001 2.30292484e-001
    3.15969825e-001 3.31076801e-001 3.26075464e-001 3.29787314e-001
    1.62295222e-001 2.88547456e-001 4.31842953e-001 3.40222329e-001
    2.28104696e-001</data></Per_View_Reprojection_Errors>
<!-- a set of 6-tuples (rotation vector + translation vector) for each view -->
<Extrinsic_Parameters type_id="opencv-matrix">
  <rows>25</rows>
  <cols>6</cols>
  <dt>d</dt>
  <data>
    -2.9927535716916470e-001 -3.2173765337530796e-001
    -2.7763819073388440e-001 -2.7027687517930895e+002
    -6.6277419488974203e+001 8.0068185360275095e+002
    -3.0331672848371999e-001 -3.2127091920311401e-001
    -2.7545306213189891e-001 -2.6849843030967958e+002
    -6.5941452706558337e+001 8.0337727056482754e+002
    -3.0901937054992756e-001 -3.1132218177078957e-001
    -2.7197464643051950e-001 -2.6782245600275428e+002
    -6.4981921252259113e+001 8.0723694600386455e+002
    -3.4358674847241727e-001 -3.2022834254179011e-001
    -2.4652782385435992e-001 -2.6100613064615072e+002
    -6.0964336103629961e+001 8.1636585282590750e+002
    -3.5853748828549226e-001 -3.0230756396473862e-001
    -2.1316154500814488e-001 -2.4829914698041711e+002
    -6.0674554053177516e+001 8.2586167035211395e+002
    -3.8111721771519458e-001 -2.8249063890877735e-001
    -1.5185969861905876e-001 -2.2804040492055492e+002
    -5.8013348853940322e+001 8.3364295275220616e+002
    -4.1448654401193852e-001 -2.6683300394369031e-001
    -6.2307524303359514e-002 -2.0024310035880646e+002
    -5.3004544930453882e+001 8.5204039454229303e+002
    -4.0919603446465919e-001 -2.4862598095671540e-001
    -2.9747930911121472e-002 -1.9092022196751847e+002
    -5.2846877157272644e+001 8.5802502940972556e+002
    -4.0313421168107794e-001 -2.4256792940553759e-001
    -8.2293188467935610e-002 -2.0914543923737384e+002
    -4.7668312172828465e+001 8.6052310144333751e+002
    -4.0338229540141485e-001 -2.5891839160987107e-001
    -1.2466559353078395e-001 -2.2060028818754984e+002
    -4.8048626350291563e+001 8.6434587385069335e+002
    -3.9503592819956179e-001 -2.5485695033117545e-001
    -1.4153809713248675e-001 -2.2318729531468935e+002
    -5.2193075320528450e+001 8.6625255552376541e+002
    -3.8445804880530510e-001 -2.2796041752000792e-001
    -2.2829040083458013e-001 -2.4493403144522387e+002
    -5.0632419085207225e+001 8.6707300885038853e+002
    -4.0777591498232157e-001 -1.9805553724782152e-001
    -3.2845872965572143e-001 -2.7296793381922419e+002
    -3.8897129484566491e+001 8.7102767792828058e+002
    -5.1764787391060274e-001 -1.8141394733678196e-001
    -2.0427768082540329e-001 -2.4548110798394490e+002
    -2.0419119432203082e+001 8.7525084899581600e+002
    -4.8232205900698144e-001 -1.6028111983104257e-001
    -1.3713354147145249e-001 -2.2720764239095354e+002
    -2.3135582933077508e+001 8.7207539726208790e+002
    -4.0682243534845752e-001 -1.5916648952536974e-001
    -3.9138461524828319e-002 -1.9910931867630003e+002
    -3.3381403470529058e+001 8.5674001465839945e+002
    -3.2682617778982148e-001 -1.2999028567829674e-001
    2.3914764768006649e-002 -1.7620400355147780e+002
    -4.3267241915624872e+001 8.4394216082847538e+002
    -1.9166090555022380e-001 -7.6482470061827346e-002
    2.5195351691225835e-002 -1.6756020373575686e+002
    -5.3078558682685959e+001 8.2718066091579385e+002
    -1.0355130783688904e-001 -8.2394901068198745e-002
    1.4248389534012050e-002 -1.7048264995906607e+002
    -6.1273784400272007e+001 8.0289260069593342e+002
    -6.3210601396435806e-002 -8.5954911870167849e-002
    -1.2302042423405967e-002 -1.7733189636408218e+002
    -6.5774022786154234e+001 7.9070972205480598e+002
    6.9781930127145696e-003 -5.5366987397328100e-002
    -5.5977122360391179e-002 -1.8536113077917531e+002
    -7.1444923997352305e+001 7.7437479131329951e+002
    1.0789175613037709e-001 -4.6272546437558779e-002
    -4.6155757433047666e-002 -1.8077996767598148e+002
    -7.5774311129394874e+001 7.4150737468478746e+002
    2.3922389863507629e-001 -9.5480867324445690e-002
    -4.9532854994378843e-003 -1.6833455523331909e+002
    -7.7057185047367540e+001 6.9901623212255720e+002
    2.4784208495167637e-001 -1.1682806048385194e-001
    -8.2386358794524842e-003 -1.6937685069299749e+002
    -8.1804275477412304e+001 6.8703268201939261e+002
    6.7767681242774158e-002 -1.2476440167442038e-001
    -3.9611452635451447e-002 -1.8120492243529870e+002
    -9.5836821790470552e+001 7.0492818830058684e+002</data></Extrinsic_Parameters>
