<?xml version="1.0"?>
<opencv_storage>
<calibration_Time>"03/06/14 22:14:03"</calibration_Time>
<nrOfFrames>5</nrOfFrames>
<image_Width>640</image_Width>
<image_Height>480</image_Height>
<board_Width>7</board_Width>
<board_Height>5</board_Height>
<square_Size>50.</square_Size>
<flagValue>0</flagValue>
<Camera_Matrix type_id="opencv-matrix">
  <rows>3</rows>
  <cols>3</cols>
  <dt>d</dt>
  <data>
    7.8985356417562252e+002 0. 3.4004804735034776e+002 0.
    7.8176948271411698e+002 2.4181276850741307e+002 0. 0. 1.</data></Camera_Matrix>
<Distortion_Coefficients type_id="opencv-matrix">
  <rows>5</rows>
  <cols>1</cols>
  <dt>d</dt>
  <data>
    2.8028860793909399e-001 -4.1645527484740557e+000
    4.1636423047193847e-003 -4.0358408287648083e-003
    1.7891254428210129e+001</data></Distortion_Coefficients>
<Avg_Reprojection_Error>1.0663486091600109e-001</Avg_Reprojection_Error>
<Per_View_Reprojection_Errors type_id="opencv-matrix">
  <rows>5</rows>
  <cols>1</cols>
  <dt>f</dt>
  <data>
    1.02301873e-001 1.13692664e-001 1.17153838e-001 1.10209979e-001
    8.71321633e-002</data></Per_View_Reprojection_Errors>
<!-- a set of 6-tuples (rotation vector + translation vector) for each view -->
<Extrinsic_Parameters type_id="opencv-matrix">
  <rows>5</rows>
  <cols>6</cols>
  <dt>d</dt>
  <data>
    -2.8682813825838921e-001 -1.3873053411792161e-001
    -3.0202848925185699e+000 2.3277711289625623e+002
    1.3036904651657147e+002 8.5726619395133662e+002
    -9.3887355252075963e-002 1.9237642529957338e-001
    1.0464387176249189e-001 -3.8182996400873670e+001
    -9.7299441431056792e+001 9.3240028003301711e+002
    -9.0432790014769254e-002 1.9034276578332820e-001
    1.0071300558212300e-001 -3.9174533362897229e+001
    -9.6365399840495485e+001 9.3225753147730245e+002
    -8.6867062077308571e-002 1.8863516134677438e-001
    1.0280418552792539e-001 -3.7352396938513209e+001
    -9.5486116493216628e+001 9.2877037555807215e+002
    -8.6665264522595584e-002 1.8893320932752519e-001
    1.0304786431512374e-001 -3.7191889960894137e+001
    -9.4545278042851393e+001 9.2679238035580977e+002</data></Extrinsic_Parameters>
<Image_points type_id="opencv-matrix">
  <rows>5</rows>
  <cols>35</cols>
  <dt>"2f"</dt>
  <data>
    5.54867920e+002 3.61450195e+002 5.08261566e+002 3.55835022e+002
    4.62336731e+002 3.50418182e+002 4.17234863e+002 3.44791199e+002
    3.73135040e+002 3.39470154e+002 3.30026642e+002 3.34336426e+002
    2.87826355e+002 3.29268585e+002 5.59219238e+002 3.15579834e+002
    5.12601624e+002 3.10551971e+002 4.66727081e+002 3.05442871e+002
    4.21753021e+002 3.00455414e+002 3.77804749e+002 2.95612183e+002
    3.35051361e+002 2.90826202e+002 2.92920502e+002 2.86331207e+002
    5.63350830e+002 2.70471680e+002 5.16874939e+002 2.65790771e+002
    4.71214935e+002 2.61253845e+002 4.26365265e+002 2.56680634e+002
    3.82558411e+002 2.52488281e+002 3.39821899e+002 2.48326508e+002
    2.98077301e+002 2.44096756e+002 5.67209595e+002 2.25793991e+002
    5.21033997e+002 2.21702835e+002 4.75501678e+002 2.17593414e+002
    4.30816620e+002 2.13649231e+002 3.87313690e+002 2.09778259e+002
    3.44653412e+002 2.06128021e+002 3.02941803e+002 2.02487488e+002
    5.70899475e+002 1.81447174e+002 5.25094055e+002 1.77637543e+002
    4.79765717e+002 1.74057709e+002 4.35470184e+002 1.70599136e+002
    3.91918182e+002 1.67384750e+002 3.49494385e+002 1.64131363e+002
    3.07836090e+002 1.60852219e+002 3.07555542e+002 1.60015152e+002
    3.49153717e+002 1.63328339e+002 3.91516937e+002 1.66485001e+002
    4.34967102e+002 1.69684830e+002 4.79388428e+002 1.73146744e+002
    5.24511841e+002 1.76562973e+002 5.70378540e+002 1.80369904e+002
    3.02620544e+002 2.01615250e+002 3.44347137e+002 2.05268509e+002
    3.86786133e+002 2.08977325e+002 4.30412811e+002 2.12689499e+002
    4.75058319e+002 2.16557739e+002 5.20464417e+002 2.20567780e+002
    5.66563171e+002 2.24708893e+002 2.97653381e+002 2.43292572e+002
    3.39465332e+002 2.47399200e+002 3.82183441e+002 2.51546265e+002
    4.25769348e+002 2.55686691e+002 4.70592377e+002 2.60198090e+002
    5.16314636e+002 2.64638916e+002 5.62630310e+002 2.69284729e+002
    2.92590118e+002 2.85464355e+002 3.34581268e+002 2.89927917e+002
    3.77419739e+002 2.94628662e+002 4.21248016e+002 2.99398926e+002
    4.66204407e+002 3.04396790e+002 5.11911926e+002 3.09386078e+002
    5.58477173e+002 3.14410583e+002 2.87472809e+002 3.28331604e+002
    3.29546906e+002 3.33404114e+002 3.72563812e+002 3.38482208e+002
    4.16595337e+002 3.43728973e+002 4.61699493e+002 3.49309479e+002
    5.07523956e+002 3.54643707e+002 5.54274780e+002 3.60304352e+002
    3.06697968e+002 1.60827957e+002 3.48331696e+002 1.63794266e+002
    3.90651794e+002 1.66985107e+002 4.33934937e+002 1.70213120e+002
    4.78400177e+002 1.73359863e+002 5.23516907e+002 1.76720535e+002
    5.69370605e+002 1.80379852e+002 3.02011780e+002 2.02407593e+002
    3.43629974e+002 2.05881271e+002 3.86249268e+002 2.09479904e+002
    4.29639374e+002 2.13111572e+002 4.74340668e+002 2.16822647e+002
    5.19648682e+002 2.20676880e+002 5.65838867e+002 2.24684662e+002
    2.97255737e+002 2.43999298e+002 3.39046814e+002 2.47991577e+002
    3.81676727e+002 2.52021149e+002 4.25435211e+002 2.56125427e+002
    4.70107178e+002 2.60425110e+002 5.15728394e+002 2.64768616e+002
    5.62218140e+002 2.69311462e+002 2.92362671e+002 2.86237549e+002
    3.34334869e+002 2.90549072e+002 3.77136627e+002 2.95215637e+002
    4.21023254e+002 2.99814178e+002 4.66021332e+002 3.04660156e+002
    5.11667908e+002 3.09552216e+002 5.58313110e+002 3.14447876e+002
    2.87408997e+002 3.29094452e+002 3.29550110e+002 3.33977814e+002
    3.72599976e+002 3.39083252e+002 4.16561584e+002 3.44317963e+002
    4.61690460e+002 3.49574463e+002 5.07553101e+002 3.54865143e+002
    5.54306213e+002 3.60373810e+002 3.08260590e+002 1.61199310e+002
    3.49909515e+002 1.64437347e+002 3.92495636e+002 1.67664261e+002
    4.36032349e+002 1.70831543e+002 4.80524750e+002 1.74335815e+002
    5.25832336e+002 1.77809158e+002 5.71725464e+002 1.81591370e+002
    3.03409210e+002 2.02938507e+002 3.45275818e+002 2.06591385e+002
    3.87862854e+002 2.10397690e+002 4.31559662e+002 2.14114471e+002
    4.76372620e+002 2.17917328e+002 5.21822144e+002 2.21879166e+002
    5.68220642e+002 2.26125961e+002 2.98529663e+002 2.44741669e+002
    3.40474060e+002 2.48875137e+002 3.83348755e+002 2.53112381e+002
    4.27207275e+002 2.57285339e+002 4.72080139e+002 2.61716187e+002
    5.17808716e+002 2.66238403e+002 5.64369507e+002 2.70775696e+002
    2.93556274e+002 2.87201538e+002 3.35671906e+002 2.91649628e+002
    3.78638885e+002 2.96402283e+002 4.22633057e+002 3.01179504e+002
    4.67716400e+002 3.06146729e+002 5.13585449e+002 3.11043152e+002
    5.60265747e+002 3.16199615e+002 2.88499084e+002 3.30281097e+002
    3.30739044e+002 3.35303192e+002 3.74037170e+002 3.40410309e+002
    4.18204742e+002 3.45668976e+002 4.63428009e+002 3.51222504e+002
    5.09380493e+002 3.56591583e+002 5.56064453e+002 3.62116821e+002
    3.08264374e+002 1.61850250e+002 3.50142853e+002 1.65110764e+002
    3.92700043e+002 1.68366135e+002 4.36467224e+002 1.71574097e+002
    4.81089783e+002 1.75033401e+002 5.26475220e+002 1.78563721e+002
    5.72527893e+002 1.82336548e+002 3.03420563e+002 2.03714325e+002
    3.45379395e+002 2.07393295e+002 3.88194366e+002 2.11182556e+002
    4.31924255e+002 2.14870178e+002 4.76777405e+002 2.18786026e+002
    5.22469971e+002 2.22808426e+002 5.68847229e+002 2.26916412e+002
    2.98491821e+002 2.45620316e+002 3.40583527e+002 2.49751572e+002
    3.83510376e+002 2.53905182e+002 4.27450317e+002 2.58192688e+002
    4.72472748e+002 2.62671234e+002 5.18388245e+002 2.67212830e+002
    5.64932617e+002 2.71711700e+002 2.93525421e+002 2.88157166e+002
    3.35716156e+002 2.92620178e+002 3.78823639e+002 2.97386200e+002
    4.22935547e+002 3.02166992e+002 4.68141205e+002 3.07146301e+002
    5.14168152e+002 3.12208527e+002 5.60841187e+002 3.17259857e+002
