<?xml version="1.0"?>
<opencv_storage>
<calibration_Time>"04/03/14 16:39:34"</calibration_Time>
<image_Width>320</image_Width>
<image_Height>240</image_Height>
<board_Width>6</board_Width>
<board_Height>4</board_Height>
<Camera_Matrix type_id="opencv-matrix">
  <rows>3</rows>
  <cols>3</cols>
  <dt>d</dt>
  <data>
    1.8469780597938930e+002 0. 1.5930332615519703e+002 0.
    1.9738649971873559e+002 1.1863591453455572e+002 0. 0. 1.</data></Camera_Matrix>
<Distortion_Coefficients type_id="opencv-matrix">
  <rows>1</rows>
  <cols>5</cols>
  <dt>d</dt>
  <data>
    -3.4467509645211580e-001 9.6760659807761551e-002
    6.4287198430192083e-004 -6.2994859244570062e-003
    -2.0070282074216780e-003</data></Distortion_Coefficients>
<!-- a set of 6-tuples (rotation vector + translation vector) for each view -->
<Extrinsic_Parameters type_id="opencv-matrix">
  <rows>25</rows>
  <cols>6</cols>
  <dt>d</dt>
  <data>
    2.0090089843033625e+000 1.9713774343199213e+000
    7.2925901021917261e-001 -2.6991426239367358e+000
    -1.9463010570097907e+000 4.0048854623272518e+000
    2.1186451083139768e+000 2.1100988251010722e+000
    5.1857471742153805e-001 -1.5289769736859120e+000
    -2.2375802325432512e+000 4.6245384225712156e+000
    2.3973253332438929e+000 2.4314812865716098e+000
    -1.9899758971610010e-001 1.7127412330356970e+000
    -2.5605623533995940e+000 7.1788043891528366e+000
    -1.9771142659479877e+000 -2.1243827822821548e+000
    1.2842975374887244e-001 -6.2094118652455538e-002
    3.4846740606847143e-001 6.3814347950091257e+000
    2.2852374410324776e+000 2.4297888128873728e+000
    -1.1537246733793824e-001 1.0575643955316489e+000
    3.9033507058460032e-001 6.3739771491069748e+000
    2.2435368462177792e+000 2.3861858128685363e+000
    -1.7946138660964428e-001 -4.7945423962704731e-001
    -6.3980666391419672e-001 6.1900205613829975e+000
    -2.1813250494708503e+000 -2.2111668611114617e+000
    -5.0380055459208359e-002 -4.0692629522837906e+000
    -6.5602096635942186e-001 5.6780722631137683e+000
    2.0282383366177914e+000 2.0402363552603284e+000
    4.3834847070409072e-001 -3.2470406869606192e+000
    -6.6661515631443569e-001 4.7505295485140993e+000
    -2.3014609931050889e+000 -2.3435768182137955e+000
    -5.6037880276940544e-001 -3.4272225869812352e+000
    2.5396084877847752e-001 5.0182294493027007e+000
    -2.2981034060978605e+000 -2.3333451683348598e+000
    -4.6715902184543423e-001 -4.2670363057849965e+000
    3.9144403111183355e-002 4.5903304142603281e+000
    -2.3358172543519373e+000 -2.3809218943724293e+000
    -4.1080179535834321e-001 -3.9893548578550546e+000
    -8.1735828105016872e-001 4.3524907682084573e+000
    2.0214178821597222e+000 2.0404904267446180e+000
    3.4959037330720910e-001 -3.1208573145201370e+000
    -1.1821324836161751e+000 4.2794200960776507e+000
    2.0098546345370241e+000 2.0287214915878735e+000
    3.1706746207472558e-001 -2.6558729315074441e+000
    -2.1272517609809620e+000 3.9940990018173017e+000
    2.0694588816018551e+000 2.1063977987759870e+000
    4.2608487845291454e-001 -7.0240379609862624e-001
    -2.1512554578347296e+000 4.4553589785410095e+000
    1.7499421098442363e+000 1.7452489740658224e+000
    -6.5213569684542272e-001 -2.8419179630418441e+000
    1.0440450809405568e+000 9.4847362369810018e+000
    1.6532355313437634e+000 1.6770762390285119e+000
    -7.4430906592288493e-001 -2.7518153733309028e+000
    -4.8252963740068516e-002 6.7260004502836823e+000
    1.6558294942855269e+000 1.7093376135040057e+000
    -7.4188652215708917e-001 -5.6631742435610186e-002
    -1.1192995032780748e+000 7.9873086305321808e+000
    1.7215516889713776e+000 1.6727604362535757e+000
    -6.3630026945641527e-001 1.7146783780867649e+000
    1.0597867676997135e+000 8.7964673206057782e+000
    1.7022985449506851e+000 1.7436160641616849e+000
    -7.0465727603216832e-001 -6.0251059141059544e+000
    1.9405662050705326e-002 8.2928286775190934e+000
    1.7231117557163143e+000 1.7472135874419010e+000
    -5.6887177406437128e-001 -4.4875467591046752e+000
    -1.6992907189685487e+000 8.4878993467846264e+000
    1.9097131107544341e+000 1.8652992505958086e+000
    -2.4793178686574546e-001 -5.6038404937137898e+000
    -4.7307601773928694e+000 8.0640454476577066e+000
    1.9138667777135312e+000 1.8620648728176401e+000
    -8.1574681859035714e-002 -1.1369431203106493e-002
    -3.5686523605217015e+000 7.6406754536075985e+000
    1.9264823973089922e+000 1.9893034597840293e+000
    -4.1493799911219548e-001 1.4630109983241422e+000
    -3.9054843185465669e+000 7.1843789865776744e+000
    1.9233537053341885e+000 1.9889751716607653e+000
    -3.4466086961866033e-001 1.1008184933350804e+000
    -5.5293473206551991e-001 7.2408365035341724e+000
    1.9595198228395594e+000 2.0252558131769831e+000
    -4.7089727937372372e-001 2.8838869872713158e+000
    1.5636921097430381e+000 9.2587896328985604e+000</data></Extrinsic_Parameters>
